{
  "benchmark": "(Cordeau&Laporte,2003)",
  "distanceMatrix": [
    [
      0.0,
      5.868736916918324,
      10.031573057103259,
      1.7357234802813495,
      3.791114348051243,
      9.763803818184796,
      5.456038214675553,
      3.7620752251915435,
      7.050615363214759,
      7.443028684614886,
      7.996728456062517,
      9.144164970077911,
      5.867200013635124,
      1.1006638905678696,
      6.174172819090829,
      1.7695900655236512,
      7.215252317140407,
      4.90275126842062,
      5.828589280434847,
      2.212078208382335,
      9.780021370119801,
      6.396447138841999,
      4.56695314186603,
      8.921404878156803,
      5.5709548553187895,
      3.6482227179820033,
      9.600697526742524,
      1.1177356574789938,
      2.84202762125916,
      6.841223940202513,
      4.644203376253025,
      5.558371883924284,
      3.778070009938938,
      7.153708129355012,
      6.4709694018748065,
      3.476982887504625,
      6.005621449941712,
      8.974473689303458,
      7.427120909208359,
      9.252402120530647,
      3.8822922352651403,
      9.831000457735723,
      8.853121991704393,
      5.533451183483956,
      7.940960269388079,
      12.709052875804712,
      8.614117772587043,
      9.887347571517854,
      4.817098400489655
    ],
    [
      5.868736916918324,
      0.0,
      8.23000006075334,
      6.623106899333575,
      7.281443606868077,
      7.957412267816718,
      3.9636473102434326,
      7.956235604857362,
      2.7406951672887665,
      5.404450480853719,
      5.6146135218730775,
      3.4018009935914826,
      10.45484313607813,
      5.337326109579589,
      2.140879492171383,
      4.660952692315167,
      6.51534749648858,
      4.242704444101663,
      10.370600368348981,
      7.842665937039522,
      3.943442785181497,
      5.933404840393077,
      1.9434942757826688,
      3.0712525132264856,
      2.5694320384084883,
      3.3578817727847423,
      8.995361693673024,
      5.057242924756532,
      7.267472738166961,
      1.2096098544572131,
      1.9771211394348096,
      2.0065704572728067,
      9.386475483375005,
      4.704860996883967,
      3.2005852589799884,
      2.4444068810245154,
      3.620625636544049,
      3.489108912028972,
      1.7160472021480064,
      4.706633616503414,
      3.5048369434254707,
      5.228005068857527,
      3.145868719447778,
      1.9767440400820737,
      6.081380517612756,
      7.48130857537637,
      2.802923117033359,
      7.4021594822051755,
      2.490501957437496
    ],
    [
      10.031573057103259,
      8.23000006075334,
      0.0,
      9.09929282966539,
      13.462178501267912,
      0.2844802277839355,
      4.934434212754285,
      13.694665822866945,
      5.625226839870549,
      2.9267746753038573,
      2.6172848526669767,
      9.948930646054379,
      15.898123474171408,
      8.931177134062452,
      10.368583509814634,
      10.348595508570233,
      14.52739164475165,
      11.935227354348973,
      9.704743221744716,
      12.089071097483048,
      9.745665703275481,
      3.652627821172039,
      9.584784452453794,
      9.209180473853252,
      10.677157861528508,
      10.475376317822667,
      1.9232787109516916,
      8.959841349041847,
      12.77754456067362,
      9.066492651516352,
      6.985170935632141,
      6.349755585847379,
      13.489820643729848,
      3.5618683299639247,
      5.038508608705556,
      8.16647120854534,
      4.818041614598197,
      10.622264353705381,
      7.6021439739063075,
      12.50817160899226,
      6.516609624643784,
      5.005015084892352,
      7.637254022225528,
      6.386949193472577,
      2.265360015538369,
      7.283704620589718,
      9.357409524008235,
      1.2164341330298156,
      6.375772345371187
    ],
    [
      1.7357234802813495,
      6.623106899333575,
      9.09929282966539,
      0.0,
      5.424958986020078,
      8.849718244102464,
      5.055150343956152,
      5.242710176998152,
      7.147886470838776,
      6.811556356663285,
      7.39535327080458,
      10.015461297414113,
      7.022997935354957,
      1.3687676939495619,
      7.383054787823262,
      3.374602939606377,
      8.915029669047659,
      6.503813804222873,
      4.1940401762501045,
      3.1041098563034137,
      10.557365675205153,
      5.463909955334183,
      5.728744801437746,
      9.68034839249084,
      6.893061003647073,
      5.10037890749305,
      8.397734992246422,
      1.690625032347504,
      4.363373121794651,
      7.732718603440837,
      4.993067293758417,
      5.775244583565271,
      4.397614466958194,
      6.683382676459578,
      6.365415697344518,
      4.195079260276259,
      5.738965847607041,
      9.978076467937093,
      7.973730682685489,
      10.532258304846117,
      3.764777948299209,
      9.754145477693061,
      9.324806968511467,
      5.7603564125842075,
      7.197433014624033,
      12.77094988636319,
      9.426006630593893,
      9.148955459504652,
      4.941546822605246
    ],
    [
      3.791114348051243,
      7.281443606868077,
      13.462178501267912,
      5.424958986020078,
      0.0,
      13.183529459139535,
      8.602061438980774,
      0.9230178763165965,
      9.425449432255206,
      10.673338746615325,
      11.169723810372393,
      9.790313631339908,
      3.2372642771327764,
      4.788958655073146,
      6.363410563526449,
      3.1365759993980697,
      4.7546333191950785,
      3.817874015731792,
      9.057748119703925,
      3.0370594330700866,
      10.588600001888823,
      9.926514997722009,
      5.372077158790629,
      9.859523568611213,
      5.541322044422251,
      3.9349573059945637,
      13.250579647698435,
      4.6488532994707406,
      1.1900609228102563,
      7.758352209071202,
      7.0305656244714765,
      7.959426235602664,
      3.6252752998910305,
      10.235550595839971,
      9.185331186190293,
      5.644895216033685,
      8.958612894862686,
      9.297131277980322,
      8.995372866090655,
      8.701827221911499,
      6.972414287748541,
      12.24028864038753,
      10.403611344143917,
      7.924206584889114,
      11.256695163323913,
      14.750308234067518,
      9.463865647820661,
      13.132459099498464,
      7.470209702545169
    ],
    [
      9.763803818184796,
      7.957412267816718,
      0.2844802277839355,
      8.849718244102464,
      13.183529459139535,
      0.0,
      4.650536528186828,
      13.42043579769301,
      5.36558664080639,
      2.6431256118467017,
      2.343000853606332,
      9.717296949254974,
      15.630854519187361,
      8.663717908611753,
      10.095044576424613,
      10.068260326392043,
      14.245443095951773,
      11.651594096946562,
      9.539338865980179,
      11.829110744261378,
      9.528824114233613,
      3.3945775878597915,
      9.302707132872666,
      8.97936133586348,
      10.398595530166562,
      10.190931066394278,
      1.949570721979585,
      8.689013292658725,
      12.50398568457274,
      8.803636634936725,
      6.701693069665306,
      6.070532513709155,
      13.236880901481285,
      3.2822018524155396,
      4.763224538062425,
      7.88201985534165,
      4.534853911649195,
      10.381977123843031,
      7.352002448312976,
      12.256391067520651,
      6.234851722374799,
      4.842169864843653,
      7.417725797035099,
      6.10763399361815,
      1.9808949997412786,
      7.208617065706847,
      9.120570157616244,
      1.1033517118308194,
      6.091744741861727
    ],
    [
      5.456038214675553,
      3.9636473102434326,
      4.934434212754285,
      5.055150343956152,
      8.602061438980774,
      4.650536528186828,
      0.0,
      8.919281641477637,
      2.562063621380234,
      2.0718795814428983,
      2.5781747419443857,
      6.823814915426708,
      11.247477272704309,
      4.405479542569685,
      5.939002020541835,
      5.467264398215986,
      9.732605663438749,
      7.080771215058427,
      7.5649066088088635,
      7.646891459933245,
      7.02797844333632,
      1.9745209545608775,
      4.830392323610992,
      6.218968724796741,
      6.051654401897054,
      5.5689469381562615,
      5.218332300649318,
      4.338620287602962,
      8.022360001894704,
      5.091523936897479,
      2.218735676010101,
      1.9891266927976206,
      9.17289932355087,
      1.6977152293597415,
      1.5424350877751714,
      3.246448059033134,
      0.7622138807447683,
      7.200737531669932,
      4.261935945084112,
      8.65965934664869,
      1.6358001100378983,
      4.765486019284916,
      5.19544897001212,
      2.012276571448368,
      2.679844958201873,
      7.838587755456975,
      6.154856456490274,
      4.531360171074465,
      1.5842032697857937
    ],
    [
      3.7620752251915435,
      7.956235604857362,
      13.694665822866945,
      5.242710176998152,
      0.9230178763165965,
      13.42043579769301,
      8.919281641477637,
      0.0,
      9.954762126741151,
      10.977854526272427,
      11.497440584756243,
      10.601139797210486,
      2.5000819986552436,
      4.836511656142266,
      7.18386887408171,
      3.54315184546189,
      5.647913951185872,
      4.702015312607989,
      8.584183187700503,
      2.4792014843493457,
      11.38662864942912,
      10.098779827286066,
      6.088225767824317,
      10.636083348676806,
      6.3688595525415685,
      4.657519189439802,
      13.354545331084843,
      4.755181279404603,
      0.9238858154555682,
      8.513952372429623,
      7.518845988580961,
      8.462752507311082,
      2.775878419527772,
      10.587766997814033,
      9.63201873959971,
      6.13616329639295,
      9.33845495786107,
      10.137931347173346,
      9.671747773799728,
      9.604390922906044,
      7.2839193433205995,
      12.785616919022718,
      11.097462097254489,
      8.429185488527345,
      11.531689208437763,
      15.385153395400385,
      10.247990290783848,
      13.442520001844892,
      7.907001011761665
    ],
    [
      7.050615363214759,
      2.7406951672887665,
      5.625226839870549,
      7.147886470838776,
      9.425449432255206,
      5.36558664080639,
      2.562063621380234,
      9.954762126741151,
      0.0,
      3.0238123288325944,
      3.067412753445483,
      4.575659515304871,
      12.42540868543164,
      6.170690074861968,
      4.8557146744840765,
      6.425960006100256,
      9.248718019271644,
      6.8737696353602065,
      10.089299777487039,
      9.241039606018361,
      4.622754265586697,
      4.14736796052629,
      4.466519898086204,
      3.8902002519150605,
      5.304179201346802,
      5.709841679066066,
      6.6599677176394785,
      5.993276899993859,
      9.144676374809555,
      3.4455899349748518,
      2.458951402529135,
      1.5110410318717358,
      10.818630227528807,
      2.3124707565718534,
      1.0458393758125577,
      3.8228038139564524,
      1.8356960532724367,
      5.124601155211984,
      2.0398362679391693,
      6.906755678319597,
      3.3840685572251634,
      2.8342408154565835,
      2.662561173006172,
      1.541054509094341,
      3.6481777643091897,
      5.667672538176496,
      3.925989302074065,
      4.707082429701014,
      2.2462809263313437
    ],
    [
      7.443028684614886,
      5.404450480853719,
      2.9267746753038573,
      6.811556356663285,
      10.673338746615325,
      2.6431256118467017,
      2.0718795814428983,
      10.977854526272427,
      3.0238123288325944,
      0.0,
      0.5884301147969909,
      7.586099458878719,
      13.27832067695309,
      6.362980826625207,
      7.524101142329228,
      7.539045363970162,
      11.607111354682525,
      9.008477895848998,
      8.519525397579375,
      9.59918006915174,
      7.561563991662042,
      1.7455692481250922,
      6.664487752258233,
      6.882993898006885,
      7.783788923140195,
      7.555238249056082,
      3.6464356569121033,
      6.33373610122809,
      10.075223322586949,
      6.347159758506162,
      4.058627970139662,
      3.459001300953788,
      11.087941783757707,
      0.7184872998181665,
      2.2159235095101995,
      5.256783236923508,
      1.892735850561298,
      8.148109596710148,
      5.0628471239017285,
      9.887428634382147,
      3.7026467560381726,
      3.823202061100093,
      5.487876183005589,
      3.4950173104006224,
      0.6810007342139949,
      6.8302855723607925,
      6.9438347474576325,
      2.4646999817422,
      3.4498268072469958
    ],
    [
      7.996728456062517,
      5.6146135218730775,
      2.6172848526669767,
      7.39535327080458,
      11.169723810372393,
      2.343000853606332,
      2.5781747419443857,
      11.497440584756243,
      3.067412753445483,
      0.5884301147969909,
      0.0,
      7.552635632678171,
      13.817715078839916,
      6.922703590361212,
      7.75205056743053,
      8.033169050878985,
      11.933627445165197,
      9.370446307407134,
      9.069134082149189,
      10.162825788135896,
      7.462601423096372,
      2.2854063096088626,
      6.995802813115875,
      6.831562412801334,
      8.064579344268367,
      7.956043300535764,
      3.6416854614312864,
      6.8839721818148,
      10.600053065904907,
      6.48145176638691,
      4.4288487217334485,
      3.7420101549835483,
      11.659135173759674,
      0.9733622141833944,
      2.421321333487152,
      5.68474449733671,
      2.2738445417398263,
      8.162619677530003,
      5.092215725988049,
      9.974068628197823,
      4.213665031774595,
      3.405361067493431,
      5.360455670929478,
      3.77964495687095,
      0.6893852333782614,
      6.348948023098001,
      6.927653354491692,
      1.9710596135074152,
      3.8447503169906887
    ],
    [
      9.144164970077911,
      3.4018009935914826,
      9.948930646054379,
      10.015461297414113,
      9.790313631339908,
      9.717296949254974,
      6.823814915426708,
      10.601139797210486,
      4.575659515304871,
      7.586099458878719,
      7.552635632678171,
      0.0,
      13.02617230808805,
      8.708893155849369,
      3.4282451779299565,
      7.721979668452903,
      7.312516188016271,
      6.091190441941542,
      13.748722195171448,
      10.961272234553796,
      0.8466764435131054,
      8.650563738855405,
      4.684188296813013,
      0.7460308304621199,
      4.253234181184948,
      6.01366444025604,
      11.190640821686666,
      8.417636010187183,
      10.070924982343975,
      2.304861384118359,
      5.269491246790339,
      4.90724209714581,
      12.442239830512833,
      6.882840765265458,
      5.536783904036711,
      5.822207914528645,
      6.239237132855266,
      0.8685050374062313,
      2.580978109167143,
      2.9530543510067675,
      6.801344867009759,
      5.450955604295452,
      2.3828931994531355,
      4.895442472340983,
      8.182006416521562,
      6.226837720705431,
      0.6689603874670007,
      8.863992610556485,
      5.645299814890259
    ],
    [
      5.867200013635124,
      10.45484313607813,
      15.898123474171408,
      7.022997935354957,
      3.2372642771327764,
      15.630854519187361,
      11.247477272704309,
      2.5000819986552436,
      12.42540868543164,
      13.27832067695309,
      13.817715078839916,
      13.02617230808805,
      0.0,
      6.967138939335141,
      9.598390385892834,
      5.999645406188602,
      7.335690424220476,
      7.008822583002083,
      9.530601922229256,
      3.9202165756498704,
      13.8258153466622,
      12.2575124719496,
      8.576293896549954,
      13.094676208291673,
      8.774935327397007,
      7.141089902808954,
      15.3876688617867,
      6.955006326381018,
      3.283294839029842,
      10.986179363181723,
      9.977400513159727,
      10.925138443058742,
      3.015114094026957,
      12.93600030921459,
      12.058159768389205,
      8.60262111219598,
      11.717449765200618,
      12.520152155624947,
      12.17064833934495,
      11.809143279679521,
      9.623640319546444,
      15.259140015086041,
      13.594165108604498,
      10.89246097078158,
      13.797617258063074,
      17.883468930831064,
      12.700271690007265,
      15.735163996603276,
      10.335012578608696
    ],
    [
      1.1006638905678696,
      5.337326109579589,
      8.931177134062452,
      1.3687676939495619,
      4.788958655073146,
      8.663717908611753,
      4.405479542569685,
      4.836511656142266,
      6.170690074861968,
      6.362980826625207,
      6.922703590361212,
      8.708893155849369,
      6.967138939335141,
      0.0,
      6.014831086572589,
      2.1883532621585573,
      7.744354653552484,
      5.236396566342163,
      5.522591601775384,
      3.2434168711406803,
      9.280709294014116,
      5.296158702304907,
      4.360875141528361,
      8.407271257667377,
      5.528217162883527,
      3.7717714670960643,
      8.51803369328861,
      0.32367885318630185,
      3.912933682034491,
      6.413563907844063,
      3.854678456110185,
      4.716810892965712,
      4.770933661244936,
      6.099717124588647,
      5.510474752686922,
      2.893306931523166,
      4.9922343694982905,
      8.639236366716679,
      6.773444913779103,
      9.163495512084895,
      2.8827500758824027,
      8.898682430562404,
      8.163854481799635,
      4.6962347684075585,
      6.849268355087279,
      11.837539271318175,
      8.13520595928585,
      8.799171608736813,
      3.9246719608140497
    ],
    [
      6.174172819090829,
      2.140879492171383,
      10.368583509814634,
      7.383054787823262,
      6.363410563526449,
      10.095044576424613,
      5.939002020541835,
      7.18386887408171,
      4.8557146744840765,
      7.524101142329228,
      7.75205056743053,
      3.4282451779299565,
      9.598390385892834,
      6.014831086572589,
      0.0,
      4.551591040504408,
      4.509823056395894,
      2.7017327773116273,
      11.45296123279914,
      7.743965134219032,
      4.237839543918575,
      7.908132649367991,
      1.654794549181257,
      3.5645315260213373,
      0.8260653727157435,
      2.693666831662743,
      11.079113728092151,
      5.694953643358303,
      6.692689519169404,
      1.6946483411020705,
      3.7569781740116617,
      4.079254833912684,
      9.156473174754568,
      6.832536425076708,
      5.333570380148743,
      3.4417600148761096,
      5.697162890421863,
      2.973204332029671,
      3.34892296119215,
      3.1588284220577734,
      5.101966385620352,
      7.1260202076614965,
      4.488164546894421,
      4.04530196647914,
      8.20361993268825,
      8.959375257237527,
      3.1515147151806224,
      9.539820753033048,
      4.371412700718156
    ],
    [
      1.7695900655236512,
      4.660952692315167,
      10.348595508570233,
      3.374602939606377,
      3.1365759993980697,
      10.068260326392043,
      5.467264398215986,
      3.54315184546189,
      6.425960006100256,
      7.539045363970162,
      8.033169050878985,
      7.721979668452903,
      5.999645406188602,
      2.1883532621585573,
      4.551591040504408,
      0.0,
      5.5641230216450115,
      3.143818856104785,
      7.552754729236215,
      3.2392988438858183,
      8.422782734939801,
      6.868151206838707,
      3.041478916579893,
      7.596370712386277,
      3.882817147381524,
      1.9175635582686688,
      10.240355657886106,
      1.918710504479506,
      2.7192057663957687,
      5.459288231995083,
      3.9794451874601817,
      4.926110534691644,
      4.743259849512781,
      7.100114154011892,
      6.091280489355255,
      2.6031989935462096,
      5.828044097293705,
      7.452999999999999,
      6.340425380051404,
      7.553272138616482,
      3.8416446998648897,
      9.259962256942519,
      7.785695216228285,
      4.893216222485984,
      8.129049452426772,
      11.93661568452298,
      7.25121189871045,
      9.996555256687175,
      4.367099724073174
    ],
    [
      7.215252317140407,
      6.51534749648858,
      14.52739164475165,
      8.915029669047659,
      4.7546333191950785,
      14.245443095951773,
      9.732605663438749,
      5.647913951185872,
      9.248718019271644,
      11.607111354682525,
      11.933627445165197,
      7.312516188016271,
      7.335690424220476,
      7.744354653552484,
      4.509823056395894,
      5.5641230216450115,
      0.0,
      2.6947667802613284,
      13.03765642283919,
      7.546247014244895,
      8.152741134121703,
      11.57195929823468,
      4.94284098469696,
      7.722233938440354,
      3.946036999319698,
      4.300023837143232,
      14.93875781315167,
      7.457351071258481,
      5.7797620193222485,
      6.1874780807692575,
      7.558986770725294,
      8.195306461627899,
      8.374721786423715,
      10.97020592331794,
      9.540173216456818,
      6.556870595032359,
      9.715026556834522,
      6.539538821660134,
      7.858086344651605,
      5.0691909610903405,
      8.420925424203686,
      11.634836827390405,
      8.924238062714375,
      8.157270376786588,
      12.28213743613057,
      13.34739079370946,
      7.305970229887335,
      13.824017505775954,
      8.185266092192727
    ],
    [
      4.90275126842062,
      4.242704444101663,
      11.935227354348973,
      6.503813804222873,
      3.817874015731792,
      11.651594096946562,
      7.080771215058427,
      4.702015312607989,
      6.8737696353602065,
      9.008477895848998,
      9.370446307407134,
      6.091190441941542,
      7.008822583002083,
      5.236396566342163,
      2.7017327773116273,
      3.143818856104785,
      2.6947667802613284,
      0.0,
      10.692342353291911,
      5.825523495789884,
      6.918020815233213,
      8.889718218256414,
      2.415006625249711,
      6.266054979011915,
      1.8927102261043551,
      1.6103095975619097,
      12.26865212645627,
      4.929763584595108,
      4.395960532124919,
      4.307344541594043,
      4.950358067857314,
      5.669773893198917,
      7.025854040613142,
      8.398937194669335,
      7.023437691045604,
      3.8725970614046585,
      7.118252102869073,
      5.52652440508499,
      5.822408865753073,
      4.919480968557558,
      5.730019633474217,
      9.470701980318037,
      7.101436263179442,
      5.631173589936648,
      9.676062215591628,
      11.570934491215478,
      5.852015464777925,
      11.298191182662826,
      5.56250528089637
    ],
    [
      5.828589280434847,
      10.370600368348981,
      9.704743221744716,
      4.1940401762501045,
      9.057748119703925,
      9.539338865980179,
      7.5649066088088635,
      8.584183187700503,
      10.089299777487039,
      8.519525397579375,
      9.069134082149189,
      13.748722195171448,
      9.530601922229256,
      5.522591601775384,
      11.45296123279914,
      7.552754729236215,
      13.03765642283919,
      10.692342353291911,
      0.0,
      6.105351505032287,
      14.173726433087385,
      6.783729431514793,
      9.805799202512768,
      13.30286976558066,
      11.02869534441858,
      9.28854531129606,
      8.25823831092322,
      5.844945337640037,
      7.876974546105885,
      11.554844005870438,
      8.49028668538348,
      9.029583434466954,
      6.516199045455871,
      8.743212739033632,
      9.103094528785254,
      8.086715093287262,
      8.32585334965732,
      13.842315593859288,
      11.43026062694985,
      14.611435795294042,
      6.985144951967712,
      12.183546651119288,
      12.61614180326141,
      9.028494503514969,
      8.582916578879233,
      15.266129109895541,
      13.113973387192763,
      10.260416414551607,
      8.203218880415177
    ],
    [
      2.212078208382335,
      7.842665937039522,
      12.089071097483048,
      3.1041098563034137,
      3.0370594330700866,
      11.829110744261378,
      7.646891459933245,
      2.4792014843493457,
      9.241039606018361,
      9.59918006915174,
      10.162825788135896,
      10.961272234553796,
      3.9202165756498704,
      3.2434168711406803,
      7.743965134219032,
      3.2392988438858183,
      7.546247014244895,
      5.825523495789884,
      6.105351505032287,
      0.0,
      11.65833778889598,
      8.436492754693742,
      6.279479038901236,
      10.82570168626496,
      7.02135172171285,
      5.0541247511314955,
      11.488223404861172,
      3.32222229840208,
      1.8527798034305099,
      8.694258162718656,
      6.809973935339253,
      7.739343899840606,
      1.5790177326426713,
      9.34245203359375,
      8.682230416200666,
      5.561433268501925,
      8.213509907463434,
      10.678330393839666,
      9.476651571098307,
      10.620251644852866,
      6.091180263298731,
      12.035037183158181,
      10.918151720872904,
      7.712776413199076,
      10.066531080764614,
      14.885517962099943,
      10.486320851471216,
      12.021973548465327,
      7.01837167724822
    ],
    [
      9.780021370119801,
      3.943442785181497,
      9.745665703275481,
      10.557365675205153,
      10.588600001888823,
      9.528824114233613,
      7.02797844333632,
      11.38662864942912,
      4.622754265586697,
      7.561563991662042,
      7.462601423096372,
      0.8466764435131054,
      13.8258153466622,
      9.280709294014116,
      4.237839543918575,
      8.422782734939801,
      8.152741134121703,
      6.918020815233213,
      14.173726433087385,
      11.65833778889598,
      0.0,
      8.76410234992723,
      5.403759154514568,
      0.8781600081989615,
      5.063881910155489,
      6.769604789055267,
      11.100246889146204,
      9.000048722090343,
      10.832445938014184,
      2.964079789749257,
      5.688055291573738,
      5.201964628868597,
      13.159389841478214,
      6.880365251932488,
      5.638940414652384,
      6.387823729565492,
      6.3868399854701225,
      1.6445364088398895,
      2.785848703716697,
      3.644090695907554,
      7.191500608357062,
      5.034570090881643,
      2.113596224447801,
      5.19606774397717,
      8.11859692311424,
      5.484843935792521,
      1.1721232870308482,
      8.616576582378874,
      5.992054155295995
    ],
    [
      6.396447138841999,
      5.933404840393077,
      3.652627821172039,
      5.463909955334183,
      9.926514997722009,
      3.3945775878597915,
      1.9745209545608775,
      10.098779827286066,
      4.14736796052629,
      1.7455692481250922,
      2.2854063096088626,
      8.650563738855405,
      12.2575124719496,
      5.296158702304907,
      7.908132649367991,
      6.868151206838707,
      11.57195929823468,
      8.889718218256414,
      6.783729431514793,
      8.436492754693742,
      8.76410234992723,
      0.0,
      6.73551549623338,
      8.001940577135024,
      7.989583843980861,
      7.322577483372914,
      3.403886748997387,
      5.345446005713648,
      9.176872942348064,
      7.04241244177022,
      4.165710143540954,
      3.9413320083443866,
      9.84415283302733,
      2.1149685576859056,
      3.126568886175387,
      5.017201809774049,
      2.4170405457914845,
      9.091594469618627,
      6.069589854347656,
      10.61866606500082,
      3.1761053194124402,
      5.530327476741318,
      6.791307753297593,
      3.967499212350268,
      1.84755893004797,
      8.566540783770309,
      7.9852151505141045,
      3.7314804032716027,
      3.539449816002481
    ],
    [
      4.56695314186603,
      1.9434942757826688,
      9.584784452453794,
      5.728744801437746,
      5.372077158790629,
      9.302707132872666,
      4.830392323610992,
      6.088225767824317,
      4.466519898086204,
      6.664487752258233,
      6.995802813115875,
      4.684188296813013,
      8.576293896549954,
      4.360875141528361,
      1.654794549181257,
      3.041478916579893,
      4.94284098469696,
      2.415006625249711,
      9.805799202512768,
      6.279479038901236,
      5.403759154514568,
      6.73551549623338,
      0.0,
      4.600408025382097,
      1.3212089161067602,
      1.4374157366607618,
      10.04865254648602,
      4.041633333195875,
      5.460805984467861,
      2.45601995105903,
      2.6265768597168444,
      3.2688017682325126,
      7.759987628856119,
      6.029614000912496,
      4.621549956454004,
      1.8947382404965598,
      4.772883824272281,
      4.424288982424183,
      3.6382792636080037,
      4.810810534618881,
      3.7049383260723787,
      7.123519144355548,
      5.032576278607211,
      3.230359267945285,
      7.34018344457412,
      9.420019957516015,
      4.236807288513368,
      8.904507004882417,
      3.259310663315174
    ],
    [
      8.921404878156803,
      3.0712525132264856,
      9.209180473853252,
      9.68034839249084,
      9.859523568611213,
      8.97936133586348,
      6.218968724796741,
      10.636083348676806,
      3.8902002519150605,
      6.882993898006885,
      6.831562412801334,
      0.7460308304621199,
      13.094676208291673,
      8.407271257667377,
      3.5645315260213373,
      7.596370712386277,
      7.722233938440354,
      6.266054979011915,
      13.30286976558066,
      10.82570168626496,
      0.8781600081989615,
      8.001940577135024,
      4.600408025382097,
      0.0,
      4.382721186660179,
      5.9935246725111595,
      10.472310346814593,
      8.128467629264449,
      10.052681234377225,
      2.1449186464758987,
      4.814461548293848,
      4.354960045740948,
      12.338395114438507,
      6.185749186638591,
      4.8773872103822145,
      5.515283220288872,
      5.603115740371602,
      1.5461646096066226,
      1.9575724763083489,
      3.6346642210801265,
      6.3238306428935935,
      4.718000953793884,
      1.641175798017994,
      4.347236938562241,
      7.468373651605816,
      5.673035342742014,
      0.4212006647668072,
      8.119752028233373,
      5.132279805310697
    ],
    [
      5.5709548553187895,
      2.5694320384084883,
      10.677157861528508,
      6.893061003647073,
      5.541322044422251,
      10.398595530166562,
      6.051654401897054,
      6.3688595525415685,
      5.304179201346802,
      7.783788923140195,
      8.064579344268367,
      4.253234181184948,
      8.774935327397007,
      5.528217162883527,
      0.8260653727157435,
      3.882817147381524,
      3.946036999319698,
      1.8927102261043551,
      11.02869534441858,
      7.02135172171285,
      5.063881910155489,
      7.989583843980861,
      1.3212089161067602,
      4.382721186660179,
      0.0,
      1.976069077739946,
      11.255739913484144,
      5.204730252376198,
      5.899932626733969,
      2.42685990530974,
      3.833026610917279,
      4.328807688036049,
      8.400216723394701,
      7.116939370263036,
      5.648790047434938,
      3.215766160652854,
      5.911086617534885,
      3.772346749703691,
      4.005243188621635,
      3.6814884218207182,
      5.013819003514187,
      7.736523508656844,
      5.230104109862442,
      4.292004193846973,
      8.464435952855926,
      9.704768570141177,
      3.9721647750313682,
      9.916776290710605,
      4.4676160309498405
    ],
    [
      3.6482227179820033,
      3.3578817727847423,
      10.475376317822667,
      5.10037890749305,
      3.9349573059945637,
      10.190931066394278,
      5.5689469381562615,
      4.657519189439802,
      5.709841679066066,
      7.555238249056082,
      7.956043300535764,
      6.01366444025604,
      7.141089902808954,
      3.7717714670960643,
      2.693666831662743,
      1.9175635582686688,
      4.300023837143232,
      1.6103095975619097,
      9.28854531129606,
      5.0541247511314955,
      6.769604789055267,
      7.322577483372914,
      1.4374157366607618,
      5.9935246725111595,
      1.976069077739946,
      0.0,
      10.71564062480634,
      3.4529089185786526,
      4.062936130435721,
      3.8602821140429624,
      3.5366246620188577,
      4.3589798118367105,
      6.465978966869597,
      6.983205639246205,
      5.691594504178948,
      2.3249311817772154,
      5.683735391448127,
      5.651565181434255,
      5.066322532172621,
      5.636393350361559,
      4.150036626344399,
      8.453137938067732,
      6.468825241108312,
      4.32080143029045,
      8.21006485967072,
      10.838649546876217,
      5.614944701419597,
      9.911245986252183,
      4.112406837850555
    ],
    [
      9.600697526742524,
      8.995361693673024,
      1.9232787109516916,
      8.397734992246422,
      13.250579647698435,
      1.949570721979585,
      5.218332300649318,
      13.354545331084843,
      6.6599677176394785,
      3.6464356569121033,
      3.6416854614312864,
      11.190640821686666,
      15.3876688617867,
      8.51803369328861,
      11.079113728092151,
      10.240355657886106,
      14.93875781315167,
      12.26865212645627,
      8.25823831092322,
      11.488223404861172,
      11.100246889146204,
      3.403886748997387,
      10.04865254648602,
      10.472310346814593,
      11.255739913484144,
      10.71564062480634,
      0.0,
      8.615074346748264,
      12.430925468363167,
      9.982821244518005,
      7.430337004470255,
      7.003260454959532,
      12.768643232544326,
      4.36488132713823,
      5.847728618874171,
      8.399430992632777,
      5.382991175916974,
      11.781878500476909,
      8.699327445268398,
      13.532702464770296,
      6.576948380518126,
      6.669807268579805,
      8.992925775296936,
      7.036296824324569,
      3.013552222875854,
      9.152952419847926,
      10.560158048059698,
      3.047186407163172,
      6.7947465000542895
    ],
    [
      1.1177356574789938,
      5.057242924756532,
      8.959841349041847,
      1.690625032347504,
      4.6488532994707406,
      8.689013292658725,
      4.338620287602962,
      4.755181279404603,
      5.993276899993859,
      6.33373610122809,
      6.8839721818148,
      8.417636010187183,
      6.955006326381018,
      0.32367885318630185,
      5.694953643358303,
      1.918710504479506,
      7.457351071258481,
      4.929763584595108,
      5.844945337640037,
      3.32222229840208,
      9.000048722090343,
      5.345446005713648,
      4.041633333195875,
      8.128467629264449,
      5.204730252376198,
      3.4529089185786526,
      8.615074346748264,
      0.0,
      3.832312356789305,
      6.118781087765766,
      3.6363412931131758,
      4.520681475176061,
      4.876262503188277,
      6.036330425018166,
      5.373718637963845,
      2.6136122512721744,
      4.891347871497181,
      8.33516628508394,
      6.522004906468562,
      8.84203788727463,
      2.7690532678155546,
      8.748572740738915,
      7.923213994333361,
      4.498315795939632,
      6.842803884373715,
      11.6603125172527,
      7.850167386750425,
      8.783804016483975,
      3.7488720970446567
    ],
    [
      2.84202762125916,
      7.267472738166961,
      12.77754456067362,
      4.363373121794651,
      1.1900609228102563,
      12.50398568457274,
      8.022360001894704,
      0.9238858154555682,
      9.144676374809555,
      10.075223322586949,
      10.600053065904907,
      10.070924982343975,
      3.283294839029842,
      3.912933682034491,
      6.692689519169404,
      2.7192057663957687,
      5.7797620193222485,
      4.395960532124919,
      7.876974546105885,
      1.8527798034305099,
      10.832445938014184,
      9.176872942348064,
      5.460805984467861,
      10.052681234377225,
      5.899932626733969,
      4.062936130435721,
      12.430925468363167,
      3.832312356789305,
      0.0,
      7.912853593995026,
      6.694524329629402,
      7.642641231930229,
      2.6609054849806304,
      9.69829000391306,
      8.779662977586327,
      5.322184232061119,
      8.460002009456025,
      9.665393163239662,
      8.975347681287895,
      9.309302874007269,
      6.388838548593946,
      11.978832539108307,
      10.413030778788661,
      7.610136726761222,
      10.622361178193858,
      14.6374706148296,
      9.677199284917098,
      12.539324583086602,
      7.0553157264576045
    ],
    [
      6.841223940202513,
      1.2096098544572131,
      9.066492651516352,
      7.732718603440837,
      7.758352209071202,
      8.803636634936725,
      5.091523936897479,
      8.513952372429623,
      3.4455899349748518,
      6.347159758506162,
      6.48145176638691,
      2.304861384118359,
      10.986179363181723,
      6.413563907844063,
      1.6946483411020705,
      5.459288231995083,
      6.1874780807692575,
      4.307344541594043,
      11.554844005870438,
      8.694258162718656,
      2.964079789749257,
      7.04241244177022,
      2.45601995105903,
      2.1449186464758987,
      2.42685990530974,
      3.8602821140429624,
      9.982821244518005,
      6.118781087765766,
      7.912853593995026,
      0.0,
      3.185068288121936,
      3.103862271428937,
      10.198347415145259,
      5.631575712001038,
      4.13536576375053,
      3.5385003885827113,
      4.668468913894575,
      2.2889624286999557,
      1.687498148147132,
      3.5797458010311294,
      4.714442703013793,
      5.472573891689357,
      2.8045281243018403,
      3.079597538640398,
      7.0096853709706535,
      7.2795199017517636,
      1.7921076976565888,
      8.144327166807582,
      3.6775323248069487
    ],
    [
      4.644203376253025,
      1.9771211394348096,
      6.985170935632141,
      4.993067293758417,
      7.0305656244714765,
      6.701693069665306,
      2.218735676010101,
      7.518845988580961,
      2.458951402529135,
      4.058627970139662,
      4.4288487217334485,
      5.269491246790339,
      9.977400513159727,
      3.854678456110185,
      3.7569781740116617,
      3.9794451874601817,
      7.558986770725294,
      4.950358067857314,
      8.49028668538348,
      6.809973935339253,
      5.688055291573738,
      4.165710143540954,
      2.6265768597168444,
      4.814461548293848,
      3.833026610917279,
      3.5366246620188577,
      7.430337004470255,
      3.6363412931131758,
      6.694524329629402,
      3.185068288121936,
      0.0,
      0.9493855907901699,
      8.388991476929752,
      3.4555875043181876,
      2.179727047132278,
      1.3868831962353572,
      2.1679469550706263,
      5.448470702866998,
      2.9967065255042913,
      6.638409448053051,
      1.53865460711623,
      5.290535417138798,
      4.332338167779612,
      0.9181704634761455,
      4.728628236603085,
      8.07559595324085,
      4.626710494509031,
      6.376531737551378,
      0.6356665792693524
    ],
    [
      5.558371883924284,
      2.0065704572728067,
      6.349755585847379,
      5.775244583565271,
      7.959426235602664,
      6.070532513709155,
      1.9891266927976206,
      8.462752507311082,
      1.5110410318717358,
      3.459001300953788,
      3.7420101549835483,
      4.90724209714581,
      10.925138443058742,
      4.716810892965712,
      4.079254833912684,
      4.926110534691644,
      8.195306461627899,
      5.669773893198917,
      9.029583434466954,
      7.739343899840606,
      5.201964628868597,
      3.9413320083443866,
      3.2688017682325126,
      4.354960045740948,
      4.328807688036049,
      4.3589798118367105,
      7.003260454959532,
      4.520681475176061,
      7.642641231930229,
      3.103862271428937,
      0.9493855907901699,
      0.0,
      9.317912695448483,
      2.7884192654620645,
      1.353772876076338,
      2.32669722998073,
      1.6205384907492941,
      5.2303705413670265,
      2.420391084101906,
      6.677472950151127,
      2.0793645664000335,
      4.341203980464406,
      3.6100311633003948,
      0.038626415831655964,
      4.140000483091759,
      7.150751918504795,
      4.241397529117025,
      5.6358584084414325,
      0.8464425556409602
    ],
    [
      3.778070009938938,
      9.386475483375005,
      13.489820643729848,
      4.397614466958194,
      3.6252752998910305,
      13.236880901481285,
      9.17289932355087,
      2.775878419527772,
      10.818630227528807,
      11.087941783757707,
      11.659135173759674,
      12.442239830512833,
      3.015114094026957,
      4.770933661244936,
      9.156473174754568,
      4.743259849512781,
